                                                                                                                        [0m
                                                                                                                        [0m
                                                                                                                        [0m
                                                                                                                        [0m
                                                                                                                        [0m
                                    [38;2;141;67;52m*[38;2;144;58;43m*[38;2;153;50;41m*        [38;2;186;67;63m*[38;2;164;61;63m*[38;2;150;61;66m*[38;2;106;53;55m#[38;2;67;44;44m#                                                                    [0m
                                  [38;2;236;77;77m+[38;2;251;108;92m=[38;2;253;117;102m=[38;2;222;88;80m+[38;2;203;58;60m*[38;2;186;46;50m*[38;2;172;38;41m#[38;2;161;33;33m#    [38;2;245;86;85m+[38;2;243;86;83m+[38;2;222;74;74m+[38;2;189;60;63m*[38;2;122;44;47m#[38;2;136;83;80m*[38;2;211;158;147m-                                                                   [0m
                                [38;2;255;220;184m.[38;2;255;155;130m-[38;2;255;106;91m=[38;2;255;102;89m=[38;2;255;122;109m=[38;2;255;123;113m=[38;2;255;86;81m+[38;2;222;55;57m*[38;2;190;39;44m*[38;2;164;28;33m#[38;2;155;22;24m#  [38;2;214;63;63m*[38;2;255;80;80m+[38;2;248;72;74m+[38;2;201;55;53m*[38;2;147;38;38m#[38;2;173;92;85m+[38;2;255;197;176m:      [38;2;255;239;211m.  [38;2;255;231;204m.[38;2;255;200;167m:                                                         [0m
                                [38;2;255;183;150m:[38;2;255;145;117m-[38;2;255;145;125m-[38;2;255;134;122m-[38;2;255;150;134m-[38;2;255;204;178m.[38;2;255;206;181m.[38;2;255;133;120m-[38;2;206;53;55m*[38;2;167;28;32m#[38;2;176;30;35m#[38;2;167;47;47m* [38;2;247;69;69m+[38;2;250;71;72m+[38;2;214;57;57m*[38;2;161;39;39m#[38;2;150;57;50m*[38;2;245;172;155m:       [38;2;255;211;176m.   [38;2;255;195;161m:[38;2;255;183;142m:                                                        [0m
                               [38;2;255;225;186m.[38;2;255;198;162m:[38;2;255;203;169m:[38;2;255;186;158m:[38;2;255;192;166m:[38;2;255;195;167m:[38;2;255;217;189m.[38;2;255;229;201m.[38;2;255;184;164m:[38;2;255;106;100m=[38;2;187;41;43m*[38;2;147;22;25m#[38;2;186;47;47m*[38;2;255;109;105m=[38;2;242;72;69m+[38;2;247;71;67m+[38;2;184;46;46m*[38;2;116;24;24m#[38;2;167;97;89m+[38;2;255;152;137m-[38;2;255;120;113m==[38;2;255;147;137m-[38;2;255;203;187m.   [38;2;255;228;198m.   [38;2;255;229;198m.[38;2;255;212;183m.[38;2;255;209;181m.                                                       [0m
                              [38;2;255;197;167m:[38;2;255;228;197m.[38;2;255;226;194m..[38;2;255;223;192m.[38;2;255;231;200m.  [38;2;255;198;178m:[38;2;222;109;103m=[38;2;218;71;72m+[38;2;218;57;58m*[38;2;172;33;35m#[38;2;204;43;46m*[38;2;217;67;64m*[38;2;217;72;66m+[38;2;150;41;36m#[38;2;80;11;13m%[38;2;47;7;8m%[38;2;128;58;57m*[38;2;231;130;120m=[38;2;255;180;166m:[38;2;255;159;148m-[38;2;255;150;139m-[38;2;255;190;172m:               [38;2;255;208;186m.[38;2;255;164;137m-[38;2;255;130;108m=[38;2;255;141;116m-[38;2;255;215;189m.                                             [0m
                           [38;2;255;225;183m.[38;2;255;183;148m:[38;2;255;148;113m-[38;2;215;97;77m+[38;2;194;119;99m=[38;2;255;231;203m.   [38;2;242;197;178m:[38;2;239;180;161m:[38;2;217;147;131m-[38;2;189;102;92m+[38;2;255;136;128m-[38;2;255;114;111m=[38;2;255;89;91m+[38;2;208;55;57m*[38;2;142;30;30m#[38;2;147;47;39m#[38;2;175;91;75m+[38;2;189;105;89m+[38;2;120;53;46m#[38;2;139;44;44m#[38;2;228;114;108m=[38;2;255;222;198m.[38;2;255;211;189m.[38;2;255;162;150m-[38;2;255;187;169m:  [38;2;255;226;200m.[38;2;211;152;136m-[38;2;226;169;153m-[38;2;254;204;184m. [38;2;215;178;161m:[38;2;175;142;130m=[38;2;232;201;187m:[38;2;251;198;183m:[38;2;255;153;134m-[38;2;255;186;161m:[38;2;255;223;195m.[38;2;255;231;200m.[38;2;255;208;176m.[38;2;255;161;128m-[38;2;255;137;106m-[38;2;255;156;120m-[38;2;255;187;152m:                                             [0m
                      [38;2;255;217;176m.[38;2;255;201;164m:[38;2;255;209;173m.[38;2;255;231;195m.[38;2;255;222;186m.[38;2;255;195;159m:[38;2;255;175;142m:[38;2;255;159;128m-[38;2;255;130;108m=[38;2;255;123;106m=[38;2;195;75;67m+[38;2;198;113;102m=[38;2;225;158;142m-[38;2;218;155;137m-[38;2;247;181;162m:[38;2;255;209;190m.[38;2;255;197;183m:[38;2;234;145;136m-[38;2;225;128;117m=[38;2;194;111;103m=[38;2;167;88;86m+[38;2;108;30;32m#[38;2;74;22;21m%[38;2;245;167;145m-[38;2;255;198;169m:[38;2;200;111;94m=[38;2;119;44;41m#[38;2;176;64;63m*[38;2;255;137;125m-[38;2;255;239;215m. [38;2;255;212;190m.[38;2;255;180;162m:[38;2;250;153;139m-[38;2;212;125;114m=[38;2;248;175;156m:[38;2;255;172;153m:[38;2;255;192;173m:[38;2;255;183;166m:[38;2;255;214;189m.[38;2;255;226;200m.[38;2;234;162;144m-[38;2;172;86;77m+[38;2;243;119;105m=[38;2;255;166;144m-[38;2;255;190;164m:[38;2;255;223;194m.[38;2;255;222;192m.[38;2;255;201;169m:[38;2;255;167;133m-[38;2;255;147;113m-[38;2;250;137;102m-[38;2;255;194;156m:  [38;2;255;236;204m.                                          [0m
                     [38;2;255;231;195m.[38;2;255;226;190m.[38;2;255;204;167m.[38;2;255;184;147m:[38;2;255;180;145m:[38;2;255;172;141m:[38;2;255;153;128m-[38;2;255;133;114m-[38;2;255;114;99m=[38;2;255;108;97m=[38;2;250;100;94m=[38;2;166;64;64m*[38;2;187;80;78m+[38;2;137;43;46m#[38;2;81;22;25m%[38;2;94;50;50m#[38;2;183;120;111m=[38;2;217;145;133m-[38;2;152;94;88m+[38;2;145;91;85m+[38;2;136;80;75m*[38;2;80;43;43m#[38;2;7;0;0m@[38;2;49;24;22m%[38;2;255;226;201m.[38;2;247;164;142m-[38;2;99;46;39m#[38;2;113;43;39m#[38;2;228;109;97m=[38;2;255;172;152m:[38;2;255;220;194m. [38;2;255;225;201m.[38;2;237;122;111m=[38;2;148;46;47m#[38;2;173;49;52m*[38;2;212;97;94m+[38;2;116;60;60m*[38;2;123;58;60m*[38;2;97;53;52m#[38;2;181;95;89m+[38;2;150;85;80m*[38;2;131;69;67m*[38;2;167;81;77m+[38;2;255;153;136m-[38;2;255;204;178m.[38;2;255;222;192m.[38;2;255;220;192m.[38;2;255;222;190m.[38;2;255;212;180m.[38;2;255;181;147m:[38;2;255;170;136m:[38;2;255;204;167m.[38;2;255;228;192m.[38;2;255;231;197m.[38;2;255;190;158m:[38;2;255;169;137m:[38;2;255;237;212m.                                         [0m
                    [38;2;255;187;156m:[38;2;255;217;180m.[38;2;255;232;197m.[38;2;255;236;198m.[38;2;255;218;181m.[38;2;255;194;159m:[38;2;255;173;144m:[38;2;255;156;133m-[38;2;255;139;123m-[38;2;255;117;106m=[38;2;255;92;86m+[38;2;255;91;88m+[38;2;255;85;86m+[38;2;250;74;75m+[38;2;239;69;71m+[38;2;167;53;55m*[38;2;134;57;57m*[38;2;139;71;67m*[38;2;123;67;61m*[38;2;139;81;72m*[38;2;111;66;60m*[38;2;41;21;18m%[38;2;13;2;2m@[38;2;0;0;0m@@[38;2;78;47;39m#[38;2;102;58;47m#[38;2;81;57;49m#[38;2;89;55;46m#[38;2;147;81;71m*[38;2;215;109;95m=[38;2;212;97;86m+[38;2;187;91;78m+[38;2;251;148;127m-[38;2;255;145;130m-[38;2;243;97;95m=[38;2;255;88;95m+[38;2;198;71;77m*[38;2;203;106;102m+[38;2;158;80;75m*[38;2;64;25;28m%[38;2;122;55;57m#[38;2;131;77;75m*[38;2;111;58;58m#[38;2;186;97;92m+[38;2;247;134;122m-[38;2;255;170;153m:[38;2;255;206;184m.[38;2;255;215;190m.[38;2;255;214;187m.[38;2;255;211;184m.[38;2;255;208;181m.[38;2;255;237;204m.[38;2;255;236;203m.[38;2;255;211;180m.[38;2;255;181;150m:[38;2;236;109;88m=[38;2;204;85;67m+[38;2;218;95;81m+[38;2;228;99;86m+                                        [0m
                   [38;2;212;120;91m=[38;2;245;141;108m-[38;2;255;161;123m-[38;2;255;187;148m:[38;2;255;201;164m:[38;2;255;198;162m:[38;2;255;178;147m:[38;2;255;145;123m-[38;2;255;131;116m-[38;2;255;130;119m=[38;2;255;102;95m=[38;2;255;89;89m+[38;2;255;83;83m+[38;2;232;67;66m+[38;2;211;58;58m*[38;2;190;52;52m*[38;2;175;55;55m*[38;2;131;38;38m#[38;2;66;11;11m%[38;2;22;0;0m@[38;2;22;4;4m@[38;2;22;4;2m@[38;2;0;0;0m@[38;2;16;5;5m@[38;2;0;0;0m@@[38;2;32;14;11m%[38;2;109;69;57m*[38;2;53;33;25m%[38;2;88;49;41m#[38;2;85;49;39m#[38;2;85;58;53m#[38;2;190;109;105m+[38;2;187;86;81m+[38;2;120;41;38m#[38;2;89;19;19m%[38;2;167;47;52m*[38;2;255;80;89m+[38;2;139;36;44m#[38;2;27;0;0m@[38;2;0;0;0m@[38;2;32;0;0m@[38;2;25;0;0m@[38;2;106;28;32m#[38;2;130;41;44m#[38;2;181;63;64m*[38;2;255;108;103m=[38;2;255;134;123m-[38;2;255;155;141m-[38;2;255;201;183m:       [38;2;255;190;166m:[38;2;255;147;128m-[38;2;242;130;109m=                                         [0m
                    [38;2;255;176;137m:[38;2;255;187;145m:[38;2;255;198;156m:[38;2;255;203;162m:[38;2;255;198;161m:[38;2;255;186;152m:[38;2;255;167;141m-[38;2;255;136;117m-[38;2;255;105;92m=[38;2;239;85;77m+[38;2;217;67;64m*[38;2;187;52;50m*[38;2;164;43;39m#[38;2;139;32;28m#[38;2;127;27;24m#[38;2;152;41;38m#[38;2;208;77;71m+[38;2;247;106;97m=[38;2;250;105;99m=[38;2;212;72;74m+[38;2;145;43;47m#[38;2;53;11;14m%[38;2;8;0;0m@[38;2;14;7;7m@[38;2;2;0;0m@[38;2;57;33;25m%[38;2;60;39;30m#[38;2;28;18;14m%[38;2;49;33;28m%[38;2;125;95;83m+[38;2;99;81;66m*[38;2;53;49;33m#[38;2;209;141;127m=[38;2;178;94;89m+[38;2;123;46;47m#[38;2;99;27;27m%[38;2;198;81;75m+[38;2;226;103;97m=[38;2;99;36;36m#[38;2;32;0;0m@[38;2;16;0;0m@[38;2;63;0;5m@[38;2;114;14;21m%[38;2;192;47;53m*[38;2;255;77;81m+[38;2;255;99;102m=[38;2;255;125;122m=[38;2;255;167;155m:[38;2;255;218;198m.       [38;2;255;232;195m.                                           [0m
                     [38;2;239;133;102m=[38;2;255;169;127m-[38;2;255;175;133m:[38;2;255;175;134m:[38;2;255;184;142m:[38;2;255;198;158m:[38;2;255;203;164m:[38;2;255;197;159m:[38;2;255;170;137m:[38;2;255;131;109m-[38;2;206;80;67m+[38;2;169;60;50m*[38;2;231;95;83m+[38;2;255;123;109m=[38;2;255;128;117m=[38;2;255;120;111m=[38;2;255;103;99m=[38;2;220;78;77m+[38;2;147;52;52m*[38;2;81;41;39m#[38;2;75;55;50m#[38;2;88;66;60m#[38;2;117;83;69m*[38;2;99;71;58m*[38;2;66;49;39m#[38;2;36;25;21m%[38;2;52;38;32m%[38;2;69;53;46m#[38;2;91;74;61m*[38;2;91;81;66m*[38;2;69;69;52m#[38;2;81;69;58m*[38;2;78;66;55m#[38;2;113;92;83m*[38;2;155;117;108m+[38;2;198;127;114m=[38;2;243;141;127m-[38;2;251;125;113m=[38;2;255;108;103m=[38;2;255;88;94m+[38;2;255;74;86m+[38;2;255;77;89m+[38;2;255;83;95m+[38;2;255;100;108m=[38;2;255;119;120m=[38;2;255;136;131m-[38;2;255;152;144m-[38;2;255;148;139m-[38;2;255;172;156m:[38;2;255;212;187m.[38;2;255;237;211m.                                                [0m
                            [38;2;255;164;114m-[38;2;255;169;127m- [38;2;243;92;71m+[38;2;255;102;86m=[38;2;255;105;91m=[38;2;232;86;78m+[38;2;181;61;58m*[38;2;141;44;47m#[38;2;125;47;47m#[38;2;125;57;55m*[38;2;113;57;53m#[38;2;109;77;64m*[38;2;95;78;61m*[38;2;72;61;55m#[38;2;74;57;50m#[38;2;88;71;63m*[38;2;128;109;94m+[38;2;102;88;75m*[38;2;69;64;55m#[38;2;61;57;49m#[38;2;60;55;47m#[38;2;81;74;61m*[38;2;103;94;75m*[38;2;74;52;39m#[38;2;75;60;50m#[38;2;63;53;46m#[38;2;46;38;35m%[38;2;94;74;64m*[38;2;180;142;130m=[38;2;222;152;136m-[38;2;247;148;133m-[38;2;243;123;109m=[38;2;255;120;109m=[38;2;255;125;114m=[38;2;255;139;130m-[38;2;255;139;133m-[38;2;255;130;127m-[38;2;255;111;114m=[38;2;255;94;99m=[38;2;243;86;89m+[38;2;255;95;97m=[38;2;255;114;114m=[38;2;255;122;119m=[38;2;255;133;125m-[38;2;255;133;119m-        [38;2;255;172;139m:[38;2;255;155;125m-[38;2;255;114;97m=[38;2;225;78;71m+[38;2;225;81;71m+[38;2;255;128;103m=                                [0m
                              [38;2;225;100;80m+[38;2;206;88;74m+[38;2;184;75;66m*[38;2;175;72;66m*[38;2;161;69;64m*[38;2;139;63;58m*[38;2;131;69;64m*[38;2;139;80;75m*[38;2;142;92;92m+    [38;2;38;38;38m%[38;2;36;28;25m%[38;2;66;60;43m#[38;2;92;75;60m*[38;2;108;83;67m*[38;2;92;75;63m*[38;2;61;55;49m#[38;2;58;52;46m#[38;2;63;57;49m#[38;2;66;57;49m#[38;2;49;38;38m%[38;2;38;36;32m%[38;2;44;43;39m#[38;2;52;46;41m#[38;2;47;38;33m%[38;2;60;38;33m%[38;2;134;85;77m*[38;2;195;125;116m=[38;2;194;111;103m=[38;2;169;95;86m+[38;2;161;89;78m+[38;2;166;95;83m+[38;2;148;83;72m*[38;2;100;44;39m#[38;2;69;18;18m%[38;2;69;11;13m%[38;2;97;25;25m%[38;2;172;63;58m*[38;2;229;77;74m+[38;2;228;60;63m*[38;2;250;69;71m+[38;2;255;89;88m+[38;2;255;102;99m=[38;2;255;119;109m=  [38;2;255;103;89m=[38;2;255;122;108m=[38;2;255;161;137m-[38;2;255;187;158m:[38;2;255;175;148m:[38;2;255;133;114m-[38;2;255;97;86m=[38;2;217;69;63m+[38;2;201;69;63m*[38;2;183;66;63m*[38;2;162;52;52m*[38;2;236;77;77m+                             [0m
                           [38;2;255;170;141m:[38;2;255;166;133m-[38;2;248;141;111m-[38;2;201;106;91m+[38;2;180;99;86m+[38;2;166;92;86m+[38;2;169;100;92m+[38;2;183;122;109m=[38;2;180;122;116m=              [38;2;57;53;46m#[38;2;46;44;41m#[38;2;50;46;43m#[38;2;63;55;50m#[38;2;53;49;44m#[38;2;63;53;47m#[38;2;69;57;43m#[38;2;81;75;57m*[38;2;148;114;81m+     [38;2;147;114;108m+[38;2;114;58;58m#[38;2;150;47;49m#[38;2;201;57;58m*[38;2;236;75;74m+[38;2;255;99;94m=[38;2;255;111;103m=[38;2;255;106;102m=[38;2;255;92;92m+[38;2;255;91;94m+[38;2;255;72;75m+[38;2;255;78;80m+[38;2;255;81;80m+[38;2;254;77;74m+[38;2;255;111;105m=[38;2;255;127;113m=[38;2;255;155;136m-[38;2;255;200;172m:[38;2;255;208;175m.[38;2;255;178;152m:[38;2;255;156;137m-[38;2;255;134;119m-[38;2;255;106;99m=[38;2;229;69;69m+[38;2;103;18;19m%[38;2;178;49;46m*[38;2;255;122;106m=[38;2;255;145;122m-[38;2;255;152;128m-                           [0m
                          [38;2;190;105;88m+[38;2;187;105;86m+[38;2;172;95;80m+[38;2;130;72;66m*[38;2;117;69;61m*[38;2;122;75;64m*[38;2;119;63;63m*                  [38;2;49;41;35m%[38;2;58;46;39m#[38;2;63;47;39m#[38;2;69;50;41m#[38;2;78;58;47m#[38;2;81;63;52m#[38;2;71;60;49m#[38;2;77;64;52m#     [38;2;94;21;21m%[38;2;108;22;27m%[38;2;134;41;43m#[38;2;189;80;77m+[38;2;255;141;127m-[38;2;255;203;175m:[38;2;255;215;186m.[38;2;255;184;161m:[38;2;255;139;125m-[38;2;255;114;109m=[38;2;255;75;77m+[38;2;211;47;47m*[38;2;113;16;16m%[38;2;226;88;77m+[38;2;255;147;128m-[38;2;255;189;159m:[38;2;255;209;176m.[38;2;255;225;192m.  [38;2;255;239;209m.[38;2;255;189;166m:[38;2;255;127;114m=[38;2;255;88;81m+[38;2;189;50;47m*[38;2;105;16;16m%[38;2;251;108;94m=[38;2;255;166;141m-[38;2;255;176;147m:[38;2;255;181;150m:                          [0m
                          [38;2;142;74;63m*[38;2;136;75;66m*[38;2;114;57;52m#[38;2;105;52;52m#              [38;2;75;75;60m*[38;2;81;75;71m*[38;2;92;72;66m*[38;2;89;66;57m#[38;2;86;63;55m#[38;2;86;61;50m#[38;2;91;61;52m#[38;2;78;49;38m#[38;2;38;38;32m%[38;2;50;41;35m%[38;2;64;50;43m#[38;2;88;64;55m#[38;2;109;81;63m*        [38;2;131;36;44m#[38;2;158;35;43m#[38;2;234;77;78m+[38;2;255;178;159m:  [38;2;255;239;209m.[38;2;255;211;184m.[38;2;255;173;153m:[38;2;255;119;109m=[38;2;148;25;28m#[38;2;136;53;46m#[38;2;255;176;152m:[38;2;255;209;178m.[38;2;255;217;186m.[38;2;255;226;195m.[38;2;255;231;201m.   [38;2;255;231;200m.[38;2;255;194;166m:[38;2;255;153;133m-[38;2;255;106;97m=[38;2;166;41;38m#[38;2;119;25;22m#[38;2;250;114;97m=[38;2;255;178;148m:[38;2;255;180;148m:[38;2;255;172;142m:                         [0m
                                           [38;2;49;52;46m#[38;2;61;60;57m#[38;2;94;78;71m*[38;2;125;105;92m+[38;2;125;100;86m+[38;2;122;89;75m*[38;2;142;103;83m+[38;2;170;123;97m=[38;2;153;109;86m+[38;2;123;91;66m*[38;2;50;41;30m%[38;2;67;49;44m#[38;2;94;67;60m*[38;2;137;91;74m+        [38;2;172;55;60m*[38;2;250;75;78m+[38;2;255;102;100m=[38;2;255;141;128m-[38;2;255;204;180m.[38;2;255;239;208m.[38;2;255;225;197m.[38;2;255;201;178m:[38;2;255;175;153m:[38;2;255;122;109m=[38;2;95;10;11m%[38;2;220;130;111m=[38;2;255;218;187m.[38;2;255;225;194m.[38;2;255;228;197m.[38;2;255;229;198m.[38;2;255;231;201m.    [38;2;255;226;195m.[38;2;255;192;166m:[38;2;255;176;150m:[38;2;255;152;128m-[38;2;201;77;66m+[38;2;203;66;58m*[38;2;255;123;103m=[38;2;255;142;117m-[38;2;255;142;119m-                         [0m
                                           [38;2;53;53;53m#[38;2;52;47;43m#[38;2;36;35;33m%[38;2;39;35;33m%[38;2;38;35;32m%[38;2;75;57;47m#[38;2;100;71;55m*[38;2;123;85;66m*[38;2;125;86;69m*[38;2;122;81;64m*[38;2;123;80;61m*[38;2;75;52;46m#[38;2;75;50;44m#[38;2;117;71;57m*[38;2;128;77;61m*       [38;2;123;38;43m#[38;2;187;64;67m*[38;2;187;67;69m*[38;2;217;105;94m=[38;2;255;180;156m:[38;2;255;192;169m:[38;2;255;194;172m:[38;2;255;184;166m:[38;2;255;145;133m-[38;2;247;95;91m+[38;2;74;7;10m%[38;2;254;158;134m-[38;2;255;169;147m:[38;2;225;142;125m-[38;2;255;208;181m.[38;2;255;236;208m.[38;2;255;236;206m.[38;2;255;231;200m.[38;2;255;234;204m.  [38;2;255;234;203m.[38;2;255;228;195m.[38;2;255;234;201m.[38;2;255;223;192m.[38;2;255;175;148m:[38;2;255;111;95m=[38;2;255;155;131m-[38;2;255;158;133m-[38;2;255;155;128m-                         [0m
                                             [38;2;46;46;32m#[38;2;52;39;39m%[38;2;63;47;41m#[38;2;80;58;49m#[38;2;67;53;43m#[38;2;67;55;46m#[38;2;74;55;46m#[38;2;92;64;52m#[38;2;105;75;57m*[38;2;92;66;50m#[38;2;81;53;43m#[38;2;127;75;58m*[38;2;172;103;78m+[38;2;145;114;89m+      [38;2;173;81;78m+[38;2;189;92;91m+[38;2;120;46;50m#[38;2;125;52;50m#[38;2;255;155;136m-[38;2;255;206;180m.[38;2;255;181;158m:[38;2;255;141;130m-[38;2;234;75;78m+[38;2;81;21;21m%[38;2;52;4;4m@[38;2;254;130;116m=[38;2;201;123;113m=[38;2;195;125;113m=[38;2;255;176;153m:[38;2;255;208;176m.[38;2;255;197;170m:[38;2;255;173;152m:[38;2;255;158;139m-[38;2;255;169;145m:[38;2;255;197;169m:[38;2;255;209;180m.[38;2;255;225;192m.[38;2;255;232;200m.[38;2;255;234;203m.[38;2;255;231;200m.[38;2;255;212;183m.[38;2;255;203;172m:[38;2;255;190;158m:[38;2;255;186;153m:                         [0m
                                                      [38;2;53;44;35m#[38;2;69;47;38m#[38;2;89;60;47m#[38;2;136;86;69m*[38;2;148;97;75m+[38;2;169;120;103m=     [38;2;117;49;49m#[38;2;128;50;55m#[38;2;127;47;50m#[38;2;198;100;94m+[38;2;255;189;164m:[38;2;255;225;192m.[38;2;255;223;195m.[38;2;250;127;114m=[38;2;148;36;38m#[38;2;92;19;24m%[38;2;33;0;0m@[38;2;123;55;53m#[38;2;195;75;72m+[38;2;183;83;71m+[38;2;128;63;53m*[38;2;190;113;99m=[38;2;248;137;125m-[38;2;240;134;122m-[38;2;255;156;137m-[38;2;255;192;167m:[38;2;255;225;194m.  [38;2;255;239;204m.[38;2;255;231;198m..[38;2;255;232;198m.[38;2;255;236;200m.[38;2;255;232;197m.                          [0m
                                             [38;2;255;133;109m-[38;2;251;103;86m=[38;2;201;64;57m*[38;2;195;58;55m*       [38;2;64;38;38m#[38;2;80;50;46m#[38;2;131;78;67m*[38;2;150;78;69m*      [38;2;170;81;81m+[38;2;169;83;80m+[38;2;148;61;63m*[38;2;187;75;74m*[38;2;255;117;109m=[38;2;255;125;119m=[38;2;255;131;122m-[38;2;131;64;58m*[38;2;24;0;2m@[38;2;60;16;16m%[38;2;78;22;24m%[38;2;66;19;18m%[38;2;80;33;32m#[38;2;139;67;63m*[38;2;209;102;92m+[38;2;226;113;103m=[38;2;206;108;97m=[38;2;130;72;63m*[38;2;162;99;88m+[38;2;255;169;145m:[38;2;255;208;178m.[38;2;255;211;180m.[38;2;255;195;164m:[38;2;255;198;167m:[38;2;255;214;183m.                             [0m
                                            [38;2;255;198;175m:[38;2;255;201;176m:[38;2;255;120;106m=[38;2;175;47;46m*[38;2;162;55;52m*[38;2;255;172;156m:[38;2;255;234;211m.      [38;2;81;55;46m#[38;2;106;66;58m*[38;2;144;88;71m*        [38;2;162;102;102m+[38;2;214;122;117m=[38;2;247;108;109m=[38;2;255;77;86m+[38;2;229;63;75m*[38;2;123;72;69m*[38;2;43;25;25m%[38;2;0;0;0m@[38;2;19;0;0m@[38;2;41;11;11m%[38;2;25;0;0m@[38;2;44;5;5m@[38;2;106;24;27m%[38;2;194;55;58m*[38;2;255;102;99m=[38;2;255;136;123m-[38;2;255;159;141m-[38;2;255;176;153m:[38;2;255;192;166m:[38;2;255;208;176m.[38;2;255;204;176m.[38;2;255;201;175m:[38;2;255;190;162m:[38;2;255;201;170m:[38;2;255;209;180m.[38;2;255;222;192m.[38;2;255;226;198m.[38;2;255;229;200m.[38;2;255;226;203m.                       [0m
                                     [38;2;166;46;33m#[38;2;159;38;30m#[38;2;161;36;33m#[38;2;159;41;41m#[38;2;139;33;33m#[38;2;125;25;24m#[38;2;189;47;47m*[38;2;255;86;85m+[38;2;255;97;99m=[38;2;255;86;89m+[38;2;190;44;47m*[38;2;176;36;39m#[38;2;169;55;57m*[38;2;201;83;81m+[38;2;225;81;81m+[38;2;228;67;69m+[38;2;245;66;66m+   [38;2;71;46;38m#[38;2;78;49;44m#[38;2;134;78;67m*[38;2;99;53;53m#        [38;2;148;89;74m+[38;2;189;83;81m+[38;2;255;89;94m+[38;2;255;97;106m=[38;2;197;57;67m*[38;2;91;22;27m%[38;2;21;0;0m@[38;2;0;0;0m@[38;2;86;33;32m#[38;2;145;41;46m#[38;2;180;35;44m#[38;2;198;33;46m#[38;2;229;46;60m*[38;2;255;58;74m+[38;2;255;66;81m+[38;2;255;72;86m+[38;2;255;78;89m+[38;2;255;86;94m+[38;2;255;97;100m=[38;2;255;114;111m=[38;2;255;113;111m=[38;2;255;102;100m=[38;2;255;105;100m=[38;2;255;109;102m=[38;2;255;120;111m=[38;2;255;136;122m-[38;2;255;152;134m-[38;2;255;169;145m:[38;2;255;180;150m:                      [0m
                                    [38;2;255;99;89m=[38;2;254;86;80m+[38;2;236;67;67m+[38;2;208;52;52m*[38;2;170;38;38m#[38;2;137;25;25m#[38;2;109;14;16m%[38;2;131;22;24m#[38;2;136;22;25m#[38;2;161;32;35m#[38;2;172;38;41m#[38;2;159;30;35m#[38;2;212;81;83m+[38;2;170;43;47m#[38;2;169;28;35m#[38;2;234;49;58m*[38;2;255;60;69m++[38;2;255;61;61m+  [38;2;49;32;14m%[38;2;58;38;35m%[38;2;103;64;58m*[38;2;108;64;58m*        [38;2;122;88;88m*[38;2;95;71;63m*[38;2;85;52;47m#[38;2;139;75;71m*[38;2;228;102;100m=[38;2;255;128;128m=[38;2;255;116;119m=[38;2;194;63;67m*[38;2;204;61;66m*[38;2;247;71;80m+[38;2;218;67;75m+[38;2;253;85;91m+[38;2;255;74;86m+[38;2;255;61;75m+[38;2;255;60;74m+[38;2;255;61;77m+[38;2;255;69;83m+[38;2;255;77;89m+[38;2;255;91;99m+[38;2;255;108;109m=[38;2;255;111;109m=[38;2;255;103;103m=[38;2;255;91;92m+[38;2;255;89;88m+[38;2;255;92;88m+[38;2;255;99;94m=[38;2;255;109;100m=[38;2;255;120;106m=[38;2;255;120;103m=                      [0m
                                  [38;2;226;83;74m+[38;2;255;97;88m=[38;2;255;95;88m=[38;2;255;99;94m=[38;2;255;105;102m=[38;2;255;100;97m=[38;2;255;83;80m+[38;2;215;58;57m*[38;2;181;41;43m*[38;2;192;46;46m*[38;2;198;46;47m*[38;2;161;30;32m#[38;2;77;0;2m%[38;2;67;0;0m%[38;2;192;108;100m+[38;2;223;144;133m-[38;2;158;60;58m*[38;2;159;25;30m#[38;2;211;38;44m*[38;2;239;47;55m*[38;2;240;49;55m*   [38;2;53;41;32m#[38;2;72;47;44m#[38;2;105;63;53m*[38;2;122;53;53m#       [38;2;103;83;71m*[38;2;95;75;66m*[38;2;63;50;47m#[38;2;46;38;33m%[38;2;46;36;30m%[38;2;105;74;63m*[38;2;223;147;128m-[38;2;255;159;142m-[38;2;251;117;108m=[38;2;255;106;105m=[38;2;255;102;102m=[38;2;222;81;80m+[38;2;247;89;89m+[38;2;255;88;95m+[38;2;255;78;91m+[38;2;255;83;94m+[38;2;255;100;108m=[38;2;255;122;125m=[38;2;255;147;144m-[38;2;255;173;161m:[38;2;255;181;162m:[38;2;255;173;156m:[38;2;255;150;139m-[38;2;255;127;120m=[38;2;255;105;100m=[38;2;255;94;91m=[38;2;248;99;92m=[38;2;245;108;99m=[38;2;243;111;99m=                      [0m
                               [38;2;217;103;86m+[38;2;228;105;86m=[38;2;250;111;95m=[38;2;255;99;91m=[38;2;240;78;75m+[38;2;197;50;50m*[38;2;162;30;32m#[38;2;169;32;35m#[38;2;212;55;55m*[38;2;242;75;74m+[38;2;255;86;86m+[38;2;243;72;72m+[38;2;208;53;53m*[38;2;161;38;41m#[38;2;144;33;36m#[38;2;49;0;0m@[38;2;35;0;0m@[38;2;80;16;19m%[38;2;242;158;139m-[38;2;255;215;190m.[38;2;236;147;134m-[38;2;169;50;53m*[38;2;180;36;44m#[38;2;189;60;64m*[38;2;108;74;63m*  [38;2;71;49;38m#[38;2;71;52;47m#[38;2;113;75;67m*[38;2;103;60;60m#        [38;2;61;43;36m#[38;2;47;35;32m%[38;2;43;30;27m%[38;2;81;50;39m#[38;2;128;72;52m*[38;2;153;83;57m*[38;2;142;89;64m*[38;2;175;131;103m=[38;2;134;80;66m*[38;2;156;89;78m+[38;2;173;99;91m+[38;2;190;94;94m+[38;2;200;83;71m+[38;2;211;83;77m+[38;2;218;89;86m+[38;2;229;106;100m=[38;2;243;131;119m=[38;2;255;148;131m-[38;2;255;142;127m-[38;2;255;153;139m-[38;2;255;123;113m=[38;2;248;114;105m=[38;2;240;113;103m=[38;2;232;105;97m=[38;2;240;106;100m=[38;2;229;102;94m=[38;2;201;88;81m+[38;2;176;77;72m*                      [0m
                               [38;2;250;97;91m=[38;2;255;86;85m+[38;2;239;67;69m+[38;2;237;66;67m+[38;2;239;64;66m+[38;2;231;58;61m*[38;2;222;55;55m*[38;2;236;60;60m*[38;2;254;69;72m+[38;2;255;75;77m+[38;2;251;69;72m+[38;2;225;58;60m*[38;2;220;67;67m+[38;2;164;86;81m+[38;2;184;116;114m=[38;2;92;19;19m%[38;2;43;0;0m@[38;2;60;0;2m@[38;2;204;85;81m+[38;2;255;128;122m=[38;2;255;111;105m=[38;2;223;97;89m+[38;2;255;139;123m-[38;2;255;158;137m-[38;2;181;102;89m+   [38;2;49;38;35m%[38;2;92;64;60m#[38;2;89;60;53m#        [38;2;58;49;39m#[38;2;58;46;39m#[38;2;86;61;53m#[38;2;88;63;43m#[38;2;81;28;14m%            [38;2;178;99;78m+[38;2;192;103;91m+[38;2;172;89;75m+[38;2;204;122;100m=[38;2;172;105;88m+                            [0m
                              [38;2;255;145;119m-[38;2;255;108;94m=[38;2;255;117;108m=[38;2;255;134;123m-[38;2;255;148;136m--[38;2;255;130;122m=[38;2;255;114;109m=[38;2;255;109;109m=[38;2;255;99;100m=[38;2;255;83;83m+[38;2;229;63;64m*[38;2;195;50;52m*[38;2;178;60;58m*[38;2;189;103;97m+[38;2;86;24;27m%[38;2;35;0;2m@[38;2;39;0;0m@[38;2;27;0;0m@[38;2;32;0;0m@[38;2;97;18;19m%[38;2;197;61;61m*[38;2;200;63;63m*[38;2;209;102;95m+[38;2;255;181;162m:[38;2;218;150;131m-[38;2;201;166;111m-  [38;2;33;33;28m%[38;2;66;49;46m#[38;2;91;60;53m#[38;2;100;58;58m#      [38;2;61;49;35m#[38;2;69;50;41m#[38;2;78;55;46m#[38;2;97;67;52m*                                               [0m
                              [38;2;255;105;91m=[38;2;255;113;102m=[38;2;255;111;103m=[38;2;255;114;109m=[38;2;255;145;131m-[38;2;255;156;141m-[38;2;255;144;131m-[38;2;255;128;120m=[38;2;255;116;111m=[38;2;255;99;95m=[38;2;234;72;71m+[38;2;150;33;33m#[38;2;83;11;13m%[38;2;85;35;30m#[38;2;190;109;91m+[38;2;102;24;25m%[38;2;94;18;22m%[38;2;35;0;0m@[38;2;19;0;0m@[38;2;0;0;0m@[38;2;5;0;0m@[38;2;44;0;0m@[38;2;137;67;63m*[38;2;255;206;186m.[38;2;255;225;201m.[38;2;170;125;106m=[38;2;136;94;71m+[38;2;139;92;60m+ [38;2;21;21;21m%[38;2;44;36;33m%[38;2;74;50;47m#[38;2;77;47;47m#      [38;2;67;55;43m#[38;2;78;61;49m#[38;2;105;77;57m*                                                [0m
                              [38;2;255;159;128m-[38;2;255;192;167m:[38;2;255;172;150m:[38;2;255;136;127m-[38;2;255;139;127m-[38;2;255;159;141m-[38;2;255;148;133m-[38;2;255;130;120m=[38;2;255;109;105m=[38;2;255;88;85m+[38;2;211;57;57m*[38;2;152;32;32m#[38;2;136;24;24m#[38;2;125;25;25m#[38;2;114;46;47m#[38;2;114;39;41m#[38;2;35;0;0m@[38;2;14;0;0m@[38;2;28;14;14m%[38;2;10;0;0m@[38;2;64;11;14m%[38;2;153;32;38m#[38;2;214;97;94m+[38;2;255;211;190m.[38;2;229;186;164m:[38;2;136;97;81m+[38;2;120;81;66m*[38;2;155;106;75m+[38;2;134;99;78m+[38;2;43;43;30m%[38;2;36;25;25m%[38;2;81;53;49m#[38;2;80;52;47m#     [38;2;52;25;25m%[38;2;67;43;33m#[38;2;81;52;41m#[38;2;103;67;50m*[38;2;100;63;50m#[38;2;105;88;53m*                                              [0m
                               [38;2;255;226;190m.[38;2;255;226;194m.[38;2;255;186;164m:[38;2;255;141;127m-[38;2;255;139;127m--[38;2;255;119;113m=[38;2;255;99;99m=[38;2;255;86;88m+[38;2;234;64;66m+[38;2;189;46;44m*[38;2;189;50;50m*[38;2;176;43;44m*[38;2;133;25;25m#[38;2;134;22;21m#[38;2;94;10;10m%[38;2;33;0;0m@[38;2;22;0;0m@[38;2;4;0;0m@[38;2;139;41;43m#[38;2;255;92;92m+[38;2;255;106;103m=[38;2;220;142;130m-[38;2;170;134;120m=[38;2;123;94;81m+[38;2;114;83;67m*[38;2;133;94;71m+[38;2;155;123;99m=[38;2;108;85;67m*[38;2;19;16;19m%[38;2;80;55;50m#[38;2;78;52;44m#   [38;2;91;44;44m#[38;2;91;55;44m#[38;2;81;52;41m#[38;2;85;55;43m#[38;2;108;71;58m*[38;2;122;83;66m*[38;2;117;75;57m*                                               [0m
                                  [38;2;255;206;180m.[38;2;255;150;136m-[38;2;255;127;117m=[38;2;255;119;111m=[38;2;255;103;99m=[38;2;255;88;88m+[38;2;243;75;77m+[38;2;231;64;66m+[38;2;198;47;49m*[38;2;170;32;32m#[38;2;155;27;25m#[38;2;145;24;24m#[38;2;75;4;5m%[38;2;111;19;18m%[38;2;81;10;10m%[38;2;139;33;33m#[38;2;201;55;55m*[38;2;187;49;49m*[38;2;178;72;66m*[38;2;147;94;78m+[38;2;69;50;39m#[38;2;57;41;30m#[38;2;75;53;44m#[38;2;106;81;63m*[38;2;99;74;58m*[38;2;71;55;46m#[38;2;27;25;25m%[38;2;78;57;52m#[38;2;83;57;50m#[38;2;81;49;49m#   [38;2;72;63;53m#[38;2;74;58;50m#[38;2;85;61;52m#[38;2;97;64;50m#[38;2;66;44;28m#                                                [0m
                                  [38;2;255;228;197m.[38;2;255;195;170m:[38;2;255;173;155m:[38;2;255;144;133m-[38;2;255;122;117m=[38;2;255;120;120m=[38;2;255;123;123m=[38;2;255;117;119m=[38;2;255;97;99m=[38;2;236;67;71m+[38;2;176;39;39m#[38;2;95;10;10m%[38;2;127;30;30m#[38;2;150;39;41m#[38;2;237;77;78m+[38;2;236;83;83m+[38;2;187;58;58m*[38;2;164;46;47m*[38;2;156;41;46m#[38;2;148;32;46m#     [38;2;39;39;39m%[38;2;30;36;36m%[38;2;74;57;55m#[38;2;92;60;53m#[38;2;97;60;50m#   [38;2;49;38;30m%[38;2;57;39;33m#[38;2;83;57;46m#[38;2;125;86;64m*                                                 [0m
                                  [38;2;255;120;100m=[38;2;255;172;150m:[38;2;255;206;183m.[38;2;255;209;187m.[38;2;255;194;176m:[38;2;255;190;176m:[38;2;255;180;167m:[38;2;255;148;141m-[38;2;255;116;114m=[38;2;209;64;64m*[38;2;134;30;28m#[38;2;137;35;32m#[38;2;220;80;80m+[38;2;255;92;94m+[38;2;255;89;92m+[38;2;255;86;86m+          [38;2;43;43;43m#[38;2;71;55;53m#[38;2;99;69;64m*[38;2;99;64;64m*  [38;2;46;46;21m#[38;2;89;61;46m#[38;2;123;81;61m*[38;2;158;103;78m+                                                  [0m
                                  [38;2;255;131;109m-[38;2;255;145;123m-[38;2;255;156;137m-[38;2;255;161;147m-[38;2;255;164;150m-[38;2;255;169;156m:[38;2;255;170;158m:[38;2;255;159;150m-[38;2;255;116;113m=[38;2;229;83;80m+[38;2;180;58;55m*[38;2;189;55;55m*[38;2;255;81;85m+[38;2;255;89;92m+[38;2;255;81;94m+           [38;2;50;50;41m#[38;2;49;41;43m#[38;2;92;67;63m*[38;2;97;67;60m* [38;2;71;61;55m#[38;2;111;89;77m*[38;2;122;91;75m*[38;2;123;94;78m*[38;2;127;103;85m+                                                  [0m
                                    [38;2;253;114;103m=[38;2;255;119;108m=[38;2;255;127;116m=[38;2;255;123;116m=[38;2;255;116;111m=[38;2;255;102;99m=[38;2;255;92;92m+[38;2;236;80;80m+[38;2;226;71;72m+[38;2;223;66;66m+[38;2;234;72;72m+              [38;2;41;41;38m%[38;2;88;64;60m#[38;2;103;77;66m*[38;2;97;66;55m*[38;2;106;74;61m*[38;2;106;77;64m*[38;2;105;78;64m*[38;2;72;53;44m#                                                   [0m
                                       [38;2;175;77;71m*[38;2;190;77;74m+[38;2;215;83;77m+[38;2;226;85;80m+[38;2;236;92;92m+[38;2;236;108;77m=                [38;2;52;52;47m#[38;2;85;69;64m*[38;2;139;103;92m+[38;2;144;99;81m+[38;2;119;81;64m*[38;2;91;61;50m#                                                     [0m
                                                             [38;2;49;49;49m#[38;2;75;66;64m#[38;2;94;75;72m*[38;2;92;75;69m*[38;2;91;72;63m*                                                      [0m
                                                             [38;2;67;67;57m#[38;2;67;63;63m#[38;2;94;75;74m*[38;2;94;71;69m*[38;2;81;64;49m#                                                      [0m
                                                             [38;2;58;58;58m#[38;2;63;58;60m#[38;2;97;75;75m*[38;2;100;71;69m*[38;2;81;49;49m#                                                      [0m
                                                             [38;2;71;60;60m#[38;2;69;58;58m#[38;2;117;88;83m*[38;2;122;85;77m*[38;2;111;67;67m*                                                      [0m
                                                              [38;2;61;58;58m#[38;2;106;83;78m*[38;2;114;83;75m*[38;2;103;77;64m*                                                      [0m
                                                              [38;2;64;58;55m#[38;2;100;77;74m*[38;2;113;85;77m*[38;2;127;95;75m+                                                      [0m
                                                              [38;2;60;57;52m#[38;2;120;91;85m*[38;2;127;92;85m*[38;2;122;88;78m*                                                      [0m
                                                              [38;2;55;49;49m#[38;2;108;80;75m*[38;2;120;86;77m*[38;2;128;81;74m*                                                      [0m
                                                              [38;2;57;57;52m#[38;2;114;85;80m*[38;2;134;91;81m+[38;2;137;94;81m+                                                      [0m
                                                              [38;2;60;55;52m#[38;2;113;85;80m*[38;2;133;95;85m+[38;2;139;97;86m+                                                      [0m
                                                              [38;2;58;55;52m#[38;2;106;80;75m*[38;2;137;100;89m+[38;2;150;106;94m+                                                      [0m
                                                              [38;2;63;60;52m#[38;2;105;80;75m*[38;2;136;99;89m+[38;2;150;108;91m+                                                      [0m
                                                              [38;2;66;63;60m#[38;2;106;80;77m*[38;2;125;92;86m*[38;2;131;103;92m+                                                      [0m
                                                              [38;2;63;58;53m#[38;2;106;81;77m*[38;2;120;91;81m*[38;2;128;97;81m+                                                      [0m
                                                              [38;2;67;61;60m#[38;2;103;80;75m*[38;2;109;83;75m*[38;2;109;89;78m*                                                      [0m
                                                              [38;2;69;66;60m#[38;2;108;81;75m*[38;2;117;88;78m*[38;2;125;95;67m+                                                      [0m
                                                              [38;2;77;66;64m#[38;2;114;85;77m*[38;2;128;94;81m+                                                       [0m
